location: 40.63338333,14.60295000
created: 2022:02:27 10:47:12
orientation: 1
width: 4032
height: 3024
model: iPhone 12 Pro
