location: 47.46524722,-87.92291389
created: 2022:10:05 14:12:34
orientation: 1
