depicts:
  - Q212398
location: 42.27985000,-83.75396111
created: 2022:09:03 15:49:21
orientation: 1
