depicts:
  - Q3382575
location: 46.51114722,-86.52274444
created: 2022:10:02 16:33:03
orientation: 1
