location: 46.51670833,-86.51886111
created: 2022:10:02 16:31:11
orientation: 1
