depicts:
  - Q7427198
location: 42.68505000,-86.19014722
created: 2022:07:08 13:57:53
orientation: 1
