location: 40.63235556,14.60294444
created: 2022:02:27 10:44:35
orientation: 1
width: 4032
height: 3024
model: iPhone 12 Pro
